"Назва показника"       "Одиниця виміру"  Підприємство	 "Базовий рік"	   "Попередній рік"	"Поточний рік"	                  "Відхилення(+,-)"			
						                                                                     Абсолютне	  %	     Абсолютне	 %
Балансовий прибуток	 Грн.	          Дніпрянка	  36778,7	    91621,2	         89377,6	     52598,9	  2,43	     -2243,6	 0,98
Балансовий прибуток	 Грн.	          Універсам 22	  1815,5	    32013	         25584	             23768,5	  14,09	     -6429	 0,8
Валовий дохід	         Грн.	          Дніпрянка	  231711,5          288496,7             553434,9	     321723,4	  2,39	     264938,2	 1,92
Валовий дохід	         Грн.	          Універсам 22	  6612	            86523,8	         91429	             84817	  13,83	     4905,2	 1,06
Витрати обігу	         Грн.	          Дніпрянка	  199979,4          201597,4	         469761,1	     269781,7	  2,35	     268163,7	 2,33
Витрати обігу	         Грн.	          Універсам 22	  5026,4	    35922	         51211	             46184,6	  10,19	     15289	 1,43
Рівень валового доходу	 %	          Дніпрянка	  8,3	            17,3	         19,3	             11	          2,33	     2	         1,12
Рівень валового доходу	 %	          Універсам 22	  8,35	            17,8	         19,68	             11,33	  2,36	     1,88	 1,11
Рівень витрат обігу	 %	          Дніпрянка	  7,2	            12,1	         16,4	             09,02	  2,28	     4,3	 1,36
Рівень витрат обігу	 %	          Універсам 22	  6,35	            7,39	         11,02	             4,67	  1,74	     3,63        1,49
Рівень рентабельності	 %	          Дніпрянка	  1,3	            5,5	                 3,1	             1,8	  2,38	     -2,4	 0,56
Рівень рентабельності	 %	          Універсам 22	  2	            6,52	         5,38	             3,38	  2,69	     -1,14	 0,83
Товарообіг	         Грн.	          Дніпрянка	  2797552	    1665492	         2861819	     64267	  1,02	     1196390	 1,72
Товарообіг	         Грн.	          Універсам 22	  79280,5	    486088,8	         464588	             385307,5	  5,86	     -21500,8	 0,96
